100
2970
1 6 6
1 9 13
1 10 99
1 16 58
1 18 2
1 32 39
1 34 57
1 36 25
1 38 98
1 39 15
1 42 86
1 44 32
1 45 73
1 46 34
1 47 8
1 51 79
1 52 47
1 54 39
1 59 19
1 66 22
1 67 77
1 68 59
1 69 39
1 70 61
1 76 92
1 80 62
1 86 26
1 91 51
1 93 63
1 97 44
2 3 27
2 4 84
2 6 22
2 8 86
2 11 48
2 17 27
2 19 9
2 21 40
2 26 54
2 28 32
2 31 61
2 32 85
2 36 44
2 39 78
2 48 93
2 49 48
2 51 54
2 53 60
2 55 64
2 65 4
2 66 45
2 75 30
2 76 11
2 87 70
2 88 10
2 90 30
3 2 89
3 6 46
3 12 85
3 19 97
3 22 35
3 23 65
3 25 47
3 33 14
3 34 12
3 37 48
3 39 98
3 42 76
3 45 45
3 47 47
3 51 55
3 53 14
3 56 1
3 57 69
3 60 62
3 67 71
3 68 67
3 69 38
3 70 27
3 77 59
3 81 74
3 83 23
3 84 85
3 85 3
3 87 9
3 91 42
3 97 86
3 98 89
4 1 34
4 6 3
4 8 8
4 11 63
4 12 49
4 14 46
4 19 77
4 22 92
4 23 58
4 24 91
4 25 58
4 26 48
4 31 71
4 32 37
4 33 91
4 35 27
4 40 64
4 42 21
4 43 76
4 49 44
4 50 81
4 51 11
4 54 73
4 56 56
4 61 66
4 66 32
4 71 9
4 73 48
4 84 4
4 100 21
5 1 38
5 7 14
5 8 54
5 13 32
5 14 43
5 21 56
5 24 87
5 25 64
5 26 32
5 28 45
5 30 3
5 31 66
5 32 71
5 48 90
5 50 47
5 54 76
5 65 59
5 67 17
5 68 79
5 71 89
5 77 21
5 85 80
5 86 22
5 87 91
5 95 15
5 96 58
5 100 58
6 1 33
6 2 19
6 9 13
6 19 17
6 20 73
6 22 92
6 23 48
6 29 56
6 30 45
6 37 27
6 39 1
6 46 10
6 53 63
6 56 8
6 57 13
6 65 96
6 70 9
6 77 32
6 80 90
6 83 15
6 87 17
6 88 36
6 96 40
7 6 25
7 9 67
7 17 71
7 21 21
7 23 64
7 24 5
7 25 50
7 41 84
7 42 98
7 45 1
7 51 96
7 58 98
7 59 48
7 60 57
7 61 65
7 62 3
7 66 55
7 68 27
7 70 19
7 76 18
7 77 55
7 79 22
7 82 34
7 83 42
7 84 43
7 90 59
7 98 24
8 14 74
8 28 53
8 29 77
8 30 22
8 31 57
8 34 41
8 37 67
8 46 17
8 50 65
8 56 49
8 66 52
8 76 17
8 81 53
8 83 92
8 88 90
8 89 23
8 90 32
8 91 2
8 93 76
8 95 94
9 1 17
9 5 32
9 8 84
9 15 2
9 19 6
9 25 81
9 34 96
9 35 83
9 39 40
9 41 88
9 42 44
9 44 76
9 48 22
9 54 73
9 58 44
9 59 46
9 60 82
9 81 28
9 84 91
10 1 67
10 2 20
10 6 62
10 16 12
10 22 83
10 27 43
10 32 66
10 34 76
10 35 30
10 38 62
10 42 70
10 48 81
10 49 16
10 52 45
10 53 7
10 56 59
10 58 69
10 64 26
10 69 50
10 71 14
10 72 56
10 73 69
10 75 90
10 80 99
10 89 16
10 91 36
10 97 37
10 99 58
10 100 9
11 3 83
11 5 14
11 7 6
11 9 66
11 12 33
11 14 84
11 15 2
11 18 30
11 31 16
11 36 17
11 39 29
11 41 63
11 42 92
11 43 32
11 44 71
11 45 64
11 46 10
11 50 82
11 51 16
11 59 50
11 68 58
11 76 80
11 78 90
11 80 11
11 81 39
11 84 35
11 86 60
11 94 54
11 95 47
11 97 26
12 3 78
12 4 99
12 5 25
12 6 8
12 8 7
12 9 34
12 14 74
12 17 43
12 19 26
12 20 33
12 22 31
12 32 8
12 33 72
12 35 6
12 36 86
12 39 17
12 40 44
12 42 33
12 46 61
12 48 53
12 50 67
12 51 74
12 53 75
12 58 98
12 60 25
12 70 17
12 75 62
12 80 57
12 88 83
12 89 45
12 92 83
12 97 93
13 1 18
13 5 29
13 8 23
13 20 36
13 21 36
13 26 80
13 33 53
13 34 85
13 39 6
13 40 12
13 41 11
13 42 44
13 45 63
13 46 30
13 49 16
13 50 81
13 51 60
13 54 55
13 57 24
13 58 46
13 62 27
13 66 64
13 71 2
13 72 50
13 74 8
13 77 36
13 81 14
13 83 68
13 85 30
13 88 77
13 91 53
14 1 15
14 5 90
14 8 93
14 11 53
14 12 10
14 15 66
14 16 83
14 18 36
14 19 10
14 21 65
14 22 26
14 23 19
14 24 78
14 25 49
14 29 20
14 31 23
14 35 4
14 36 51
14 39 10
14 43 94
14 45 71
14 51 94
14 53 88
14 61 44
14 69 66
14 70 80
14 72 15
14 73 97
14 79 75
14 80 52
14 89 89
14 90 23
14 96 92
14 98 64
14 100 32
15 2 70
15 5 16
15 6 70
15 12 30
15 13 52
15 21 91
15 26 35
15 28 78
15 31 89
15 32 77
15 36 20
15 37 14
15 40 72
15 43 89
15 46 33
15 47 31
15 53 82
15 56 52
15 62 84
15 63 86
15 64 20
15 69 33
15 72 17
15 73 50
15 76 18
15 77 75
15 84 6
15 87 44
15 88 32
15 91 65
15 94 76
15 97 11
16 3 97
16 6 32
16 10 89
16 11 23
16 12 27
16 13 58
16 14 27
16 17 36
16 20 50
16 21 31
16 22 78
16 24 93
16 27 82
16 34 75
16 35 92
16 36 95
16 38 31
16 39 66
16 42 63
16 44 3
16 46 34
16 49 14
16 50 8
16 52 6
16 53 72
16 57 57
16 59 25
16 60 44
16 61 9
16 68 22
16 74 39
16 75 33
16 79 4
16 80 76
16 89 55
16 93 71
16 99 80
17 1 69
17 2 58
17 3 98
17 5 53
17 7 33
17 8 98
17 11 4
17 12 15
17 16 34
17 19 62
17 28 65
17 29 44
17 30 99
17 34 54
17 35 88
17 37 53
17 38 81
17 41 61
17 44 32
17 46 32
17 50 69
17 52 57
17 53 95
17 55 40
17 57 51
17 63 77
17 68 51
17 69 11
17 78 43
17 81 71
17 85 62
17 88 35
17 89 29
17 95 77
17 97 79
17 100 73
18 3 68
18 4 23
18 5 93
18 11 51
18 12 45
18 13 44
18 19 75
18 21 61
18 22 66
18 26 89
18 28 57
18 30 38
18 38 94
18 42 4
18 43 30
18 48 39
18 51 13
18 52 48
18 53 77
18 55 88
18 56 34
18 61 57
18 64 58
18 67 61
18 73 86
18 86 72
18 87 50
18 88 83
18 93 26
19 3 16
19 4 69
19 5 62
19 6 16
19 7 47
19 8 30
19 10 91
19 18 54
19 22 69
19 24 61
19 26 62
19 28 70
19 29 86
19 40 81
19 43 34
19 47 45
19 55 47
19 58 88
19 61 51
19 63 11
19 69 83
19 70 40
19 72 63
19 74 64
19 75 52
19 78 36
19 82 13
19 89 81
19 100 42
20 1 50
20 2 44
20 9 40
20 11 72
20 12 25
20 13 40
20 17 83
20 21 36
20 23 87
20 32 9
20 36 10
20 37 79
20 40 96
20 41 61
20 43 42
20 44 30
20 45 38
20 48 71
20 49 31
20 53 35
20 55 15
20 63 68
20 67 42
20 69 70
20 78 4
20 79 92
20 80 62
20 84 79
20 96 58
21 2 66
21 4 41
21 5 6
21 11 46
21 12 65
21 15 71
21 16 63
21 18 2
21 19 38
21 24 10
21 29 75
21 30 20
21 31 4
21 33 3
21 36 22
21 46 12
21 47 79
21 48 82
21 51 11
21 53 84
21 56 5
21 58 74
21 60 18
21 64 88
21 69 92
21 72 99
21 73 7
21 74 34
21 81 75
21 86 41
21 88 52
21 95 57
21 98 96
21 99 78
22 6 92
22 8 58
22 15 48
22 20 6
22 23 30
22 26 59
22 30 40
22 32 73
22 33 34
22 36 26
22 38 65
22 41 5
22 42 98
22 43 72
22 51 32
22 53 59
22 54 54
22 57 55
22 58 4
22 61 56
22 65 51
22 66 66
22 68 28
22 78 1
22 79 99
22 80 53
22 82 9
22 87 66
22 96 14
22 98 85
22 99 67
23 3 17
23 7 97
23 9 29
23 14 30
23 15 94
23 18 86
23 22 83
23 24 29
23 25 68
23 35 61
23 37 78
23 41 44
23 42 51
23 44 1
23 48 94
23 49 33
23 53 45
23 55 91
23 59 84
23 62 64
23 63 64
23 64 79
23 67 26
23 72 42
23 80 12
23 81 38
23 83 60
23 89 9
23 90 31
23 92 25
23 96 78
24 3 54
24 8 85
24 10 14
24 11 35
24 12 36
24 16 79
24 17 22
24 23 87
24 26 1
24 27 16
24 28 65
24 29 62
24 31 1
24 35 80
24 36 93
24 37 8
24 38 51
24 40 17
24 42 25
24 43 96
24 44 16
24 46 25
24 50 50
24 56 95
24 57 78
24 59 26
24 66 36
24 67 19
24 69 30
24 72 59
24 82 26
24 85 1
24 90 76
24 93 14
24 97 37
25 2 82
25 9 26
25 14 49
25 15 57
25 19 45
25 22 24
25 23 24
25 24 68
25 26 17
25 28 91
25 35 72
25 36 9
25 42 52
25 45 77
25 49 38
25 50 20
25 62 78
25 72 27
25 74 11
25 75 90
25 83 87
25 85 29
25 93 92
25 95 30
25 98 23
26 2 31
26 4 83
26 5 92
26 6 77
26 9 27
26 11 66
26 16 57
26 19 8
26 20 62
26 22 40
26 24 57
26 25 22
26 31 96
26 32 59
26 34 36
26 35 41
26 39 57
26 41 69
26 42 94
26 47 2
26 52 29
26 56 98
26 58 83
26 64 18
26 65 99
26 67 87
26 72 30
26 73 72
26 74 48
26 79 79
26 80 63
26 81 87
26 87 4
26 88 3
26 89 94
26 90 39
26 91 5
26 92 56
26 93 89
26 94 83
26 95 86
26 97 33
26 99 2
26 100 59
27 6 21
27 8 14
27 13 38
27 18 79
27 20 20
27 28 32
27 33 41
27 34 61
27 35 51
27 37 17
27 40 64
27 42 22
27 45 99
27 47 36
27 51 65
27 55 80
27 58 19
27 62 2
27 67 62
27 69 87
27 73 5
27 78 2
27 83 25
27 86 81
27 87 88
27 91 33
27 95 82
27 99 52
28 1 93
28 9 65
28 14 62
28 16 50
28 18 20
28 19 18
28 30 34
28 31 69
28 35 1
28 41 2
28 49 17
28 51 20
28 52 82
28 56 68
28 58 59
28 64 39
28 70 68
28 71 24
28 83 51
28 84 3
28 86 57
28 87 4
28 91 45
28 92 45
28 93 85
28 99 90
29 2 66
29 4 94
29 12 7
29 14 38
29 15 81
29 18 69
29 21 9
29 25 95
29 30 28
29 37 36
29 44 51
29 49 82
29 60 31
29 65 7
29 73 3
29 74 59
29 75 37
29 78 27
29 79 88
29 80 78
29 81 72
29 87 24
29 89 11
29 97 4
30 5 93
30 6 98
30 7 69
30 9 9
30 11 57
30 12 59
30 16 5
30 18 78
30 19 32
30 21 34
30 22 43
30 27 54
30 28 55
30 29 89
30 46 70
30 50 43
30 52 80
30 54 36
30 56 89
30 60 27
30 69 27
30 73 94
30 74 72
30 79 44
30 80 99
30 81 48
30 83 94
30 86 4
30 88 27
30 92 14
30 99 91
31 1 84
31 5 42
31 6 17
31 8 48
31 14 19
31 18 39
31 21 35
31 23 8
31 27 2
31 29 66
31 41 42
31 42 19
31 49 50
31 50 44
31 53 47
31 54 29
31 55 35
31 66 45
31 68 47
31 69 11
31 70 2
31 72 62
31 75 19
31 76 56
31 77 94
31 83 8
31 87 67
31 89 68
31 94 42
31 96 33
31 98 21
31 99 71
32 5 26
32 8 19
32 21 14
32 24 69
32 27 49
32 28 37
32 39 11
32 44 80
32 46 39
32 50 36
32 51 80
32 54 47
32 55 96
32 56 15
32 58 48
32 61 14
32 62 81
32 64 72
32 69 39
32 71 4
32 74 32
32 78 32
32 79 33
32 80 3
32 82 91
32 83 36
32 85 36
32 89 77
32 90 45
32 91 77
32 92 6
32 96 38
32 98 14
32 99 96
32 100 4
33 3 35
33 4 55
33 13 4
33 16 79
33 41 22
33 42 94
33 50 5
33 57 59
33 62 10
33 63 81
33 64 35
33 65 82
33 81 64
33 87 22
33 88 72
33 91 4
33 95 61
33 97 40
34 2 54
34 4 99
34 6 70
34 7 44
34 12 6
34 17 4
34 18 8
34 23 28
34 24 80
34 26 2
34 27 18
34 35 73
34 38 77
34 40 18
34 42 6
34 43 90
34 46 13
34 49 61
34 56 21
34 58 62
34 62 2
34 64 56
34 70 63
34 72 21
34 78 14
34 79 31
34 80 1
34 81 52
34 86 54
34 87 87
34 88 84
34 90 55
34 92 69
34 93 17
34 97 55
35 3 26
35 5 12
35 10 64
35 14 18
35 16 19
35 20 45
35 22 48
35 23 92
35 30 30
35 31 76
35 32 83
35 34 18
35 37 30
35 38 38
35 42 5
35 44 74
35 49 4
35 50 69
35 57 13
35 58 66
35 59 19
35 61 99
35 63 44
35 64 79
35 73 84
35 74 14
35 83 83
35 87 97
35 88 53
35 93 71
35 97 70
36 1 41
36 2 53
36 3 9
36 5 44
36 7 19
36 12 67
36 13 25
36 16 6
36 17 55
36 21 25
36 30 2
36 38 54
36 47 94
36 48 44
36 60 78
36 63 34
36 68 92
36 71 3
36 73 6
36 74 92
36 78 64
36 89 19
36 90 34
36 91 51
36 93 3
36 96 80
36 97 13
36 98 45
37 1 48
37 5 78
37 8 98
37 10 60
37 14 76
37 16 25
37 17 10
37 21 57
37 23 66
37 26 82
37 31 52
37 32 18
37 34 20
37 41 21
37 43 59
37 46 37
37 47 14
37 48 95
37 52 98
37 55 95
37 61 28
37 63 91
37 64 73
37 74 9
37 88 93
37 91 38
38 1 53
38 2 57
38 3 74
38 4 19
38 5 12
38 6 25
38 8 13
38 10 55
38 14 8
38 16 97
38 20 70
38 21 98
38 24 37
38 25 62
38 28 76
38 32 9
38 33 37
38 34 53
38 41 43
38 53 16
38 54 52
38 58 32
38 61 80
38 62 17
38 66 82
38 68 12
38 72 17
38 73 27
38 75 46
38 79 2
38 82 72
38 85 61
38 86 38
38 89 22
38 90 94
38 92 35
38 98 88
39 2 6
39 5 45
39 8 91
39 9 40
39 17 82
39 27 87
39 29 49
39 32 90
39 35 77
39 37 12
39 40 73
39 43 28
39 44 48
39 46 80
39 58 63
39 59 26
39 60 60
39 64 35
39 74 87
39 81 96
39 84 77
39 85 18
39 86 81
39 87 56
39 90 84
40 7 80
40 11 71
40 25 90
40 27 18
40 28 4
40 30 64
40 34 55
40 35 83
40 38 7
40 39 6
40 42 39
40 44 61
40 51 39
40 59 29
40 61 90
40 68 16
40 72 88
40 73 92
40 75 87
40 77 17
40 82 2
40 90 44
40 93 99
40 94 27
40 99 36
40 100 73
41 1 11
41 8 58
41 9 87
41 17 42
41 19 75
41 20 65
41 24 83
41 25 23
41 34 96
41 35 96
41 38 46
41 39 42
41 40 29
41 42 40
41 44 96
41 47 57
41 50 14
41 51 36
41 52 81
41 56 3
41 57 79
41 61 69
41 65 91
41 67 80
41 68 20
41 70 97
41 87 98
41 90 41
41 95 38
41 97 75
41 99 89
42 1 73
42 3 93
42 5 33
42 6 99
42 8 10
42 11 14
42 14 19
42 15 84
42 17 87
42 23 50
42 24 41
42 25 14
42 30 98
42 33 91
42 35 11
42 36 33
42 38 95
42 39 26
42 43 95
42 45 91
42 49 60
42 55 14
42 56 64
42 65 72
42 70 54
42 75 19
42 91 29
42 92 25
42 93 45
42 96 72
42 98 75
42 100 3
43 3 7
43 9 18
43 14 64
43 17 22
43 28 62
43 34 12
43 38 18
43 41 78
43 42 21
43 47 94
43 49 62
43 52 47
43 55 45
43 56 25
43 61 1
43 63 83
43 71 96
43 73 56
43 74 14
43 75 60
43 78 70
43 81 8
43 90 87
43 95 61
43 99 38
44 7 93
44 8 77
44 12 2
44 24 83
44 25 15
44 27 92
44 33 56
44 34 47
44 38 31
44 39 15
44 40 89
44 42 49
44 46 61
44 50 46
44 53 28
44 57 62
44 62 50
44 68 61
44 72 13
44 75 1
44 76 19
44 79 36
44 80 17
44 88 33
44 95 38
44 96 7
44 100 19
45 8 72
45 13 62
45 14 24
45 16 67
45 19 18
45 30 39
45 38 9
45 39 27
45 49 52
45 55 76
45 56 27
45 60 69
45 64 95
45 68 14
45 70 54
45 76 73
45 78 12
45 79 86
45 85 14
45 86 8
45 93 2
45 98 43
46 3 97
46 4 71
46 6 62
46 12 4
46 13 7
46 15 36
46 16 44
46 18 96
46 23 81
46 25 27
46 27 78
46 28 27
46 35 64
46 38 51
46 41 18
46 42 47
46 43 20
46 48 37
46 49 76
46 51 72
46 57 73
46 62 12
46 64 44
46 65 33
46 66 23
46 69 27
46 73 21
46 74 3
46 81 6
46 82 93
46 90 4
46 92 15
46 96 22
46 97 75
47 2 28
47 3 43
47 4 54
47 7 13
47 9 71
47 11 75
47 19 34
47 20 10
47 21 15
47 32 23
47 36 71
47 41 73
47 45 55
47 48 48
47 51 73
47 54 97
47 57 70
47 58 12
47 59 69
47 60 43
47 61 77
47 65 19
47 72 49
47 75 89
47 80 87
47 81 36
47 82 69
47 86 24
47 87 10
47 93 28
47 94 45
48 5 42
48 6 2
48 15 82
48 22 84
48 26 96
48 29 18
48 31 29
48 33 64
48 34 54
48 36 50
48 44 45
48 47 8
48 51 48
48 55 26
48 56 25
48 57 76
48 58 98
48 59 84
48 60 3
48 61 10
48 62 36
48 63 30
48 68 99
48 71 2
48 73 13
48 76 69
48 77 18
48 81 60
48 84 27
48 86 81
48 88 49
48 93 94
48 95 29
48 99 52
49 1 47
49 7 55
49 8 93
49 16 1
49 17 86
49 18 72
49 22 53
49 23 51
49 24 54
49 26 23
49 29 87
49 30 97
49 35 13
49 36 42
49 37 65
49 42 81
49 43 93
49 44 52
49 46 95
49 50 26
49 56 53
49 58 27
49 68 30
49 70 13
49 78 60
49 82 84
49 84 82
49 86 70
49 88 39
49 89 38
49 90 12
49 100 61
50 7 37
50 9 7
50 12 51
50 14 97
50 15 10
50 20 14
50 23 91
50 24 94
50 25 7
50 28 74
50 35 90
50 36 84
50 37 9
50 41 97
50 44 43
50 45 62
50 46 7
50 47 93
50 48 54
50 57 14
50 62 97
50 64 54
50 70 51
50 71 11
50 76 51
50 77 65
50 78 59
50 89 50
50 94 7
50 99 59
51 1 56
51 2 27
51 12 44
51 26 7
51 28 77
51 30 20
51 34 64
51 35 30
51 36 30
51 42 39
51 47 54
51 48 64
51 63 50
51 68 27
51 69 5
51 71 39
51 72 27
51 90 40
51 92 23
51 93 62
51 97 83
52 1 95
52 4 32
52 8 9
52 10 63
52 12 94
52 13 82
52 14 49
52 19 57
52 21 13
52 23 72
52 24 7
52 26 71
52 30 46
52 32 63
52 33 83
52 35 59
52 37 24
52 38 81
52 44 32
52 45 19
52 48 51
52 51 24
52 53 56
52 57 90
52 58 81
52 62 72
52 63 66
52 68 33
52 69 20
52 82 36
52 84 72
52 85 81
52 86 73
52 87 7
53 2 37
53 3 47
53 6 42
53 12 53
53 14 46
53 17 52
53 19 28
53 24 30
53 31 34
53 41 49
53 43 98
53 44 73
53 48 39
53 51 76
53 57 65
53 58 46
53 60 11
53 65 24
53 66 2
53 70 70
53 80 3
53 82 88
53 92 74
54 5 53
54 7 38
54 11 87
54 14 13
54 16 12
54 23 79
54 24 35
54 27 34
54 29 62
54 42 19
54 43 52
54 47 96
54 51 90
54 56 35
54 59 52
54 61 25
54 66 40
54 68 16
54 69 33
54 74 10
54 79 96
54 80 95
54 81 16
54 84 48
54 86 3
54 88 34
54 89 23
54 92 39
54 94 34
55 1 72
55 4 39
55 8 56
55 10 62
55 13 17
55 16 47
55 19 83
55 21 16
55 22 70
55 24 83
55 26 60
55 31 33
55 32 9
55 35 22
55 36 45
55 37 47
55 44 20
55 45 68
55 48 15
55 49 22
55 60 19
55 63 30
55 66 38
55 81 19
55 89 58
55 90 1
55 91 2
55 93 46
55 97 68
55 100 57
56 4 85
56 6 95
56 13 95
56 14 42
56 25 54
56 27 26
56 29 33
56 31 39
56 32 41
56 33 21
56 35 55
56 40 86
56 42 43
56 44 27
56 47 17
56 51 19
56 54 45
56 65 49
56 72 12
56 80 22
56 93 47
56 94 93
56 96 57
56 98 49
57 2 91
57 5 54
57 10 17
57 13 19
57 23 62
57 25 80
57 32 30
57 34 99
57 36 38
57 37 3
57 38 66
57 40 58
57 41 36
57 42 18
57 43 74
57 44 23
57 48 45
57 51 95
57 54 84
57 58 40
57 60 52
57 61 56
57 69 57
57 70 96
57 71 59
57 73 63
57 74 66
57 80 31
57 81 18
57 82 75
57 85 76
57 87 81
57 89 9
57 91 71
57 93 91
57 94 67
57 95 83
57 97 58
57 98 70
57 99 2
57 100 94
58 1 46
58 2 88
58 4 94
58 7 97
58 11 52
58 12 10
58 17 33
58 27 31
58 29 94
58 35 91
58 36 20
58 39 78
58 41 88
58 43 12
58 52 20
58 56 11
58 57 88
58 62 51
58 65 3
58 74 95
58 75 18
58 81 69
58 85 25
58 87 57
58 90 75
58 91 74
58 92 78
58 96 78
58 99 43
58 100 66
59 4 64
59 10 4
59 15 67
59 16 47
59 18 61
59 20 73
59 26 45
59 30 45
59 31 48
59 32 85
59 44 40
59 48 27
59 52 68
59 55 36
59 61 38
59 68 94
59 69 68
59 74 65
59 76 53
59 80 34
59 81 32
59 83 7
59 86 54
59 89 33
59 90 95
59 97 25
59 100 27
60 1 54
60 5 78
60 8 20
60 16 90
60 17 11
60 24 10
60 26 86
60 30 91
60 32 38
60 36 10
60 40 52
60 42 81
60 49 69
60 52 53
60 54 63
60 57 51
60 59 38
60 62 54
60 63 56
60 68 50
60 72 45
60 74 60
60 76 30
60 79 28
60 81 51
60 85 49
60 90 65
60 97 50
60 100 53
61 2 7
61 3 21
61 6 11
61 12 74
61 21 63
61 22 87
61 26 69
61 29 47
61 36 64
61 38 95
61 43 73
61 45 97
61 48 99
61 50 10
61 53 60
61 56 6
61 59 28
61 62 16
61 70 44
61 71 23
61 75 96
61 79 11
61 80 48
61 84 74
61 88 31
61 93 51
61 94 58
61 99 87
62 1 12
62 4 1
62 6 87
62 14 4
62 17 41
62 19 95
62 22 36
62 24 85
62 25 97
62 29 3
62 30 22
62 31 46
62 32 80
62 34 65
62 35 77
62 36 38
62 37 27
62 39 8
62 40 61
62 41 10
62 50 30
62 54 41
62 56 65
62 58 20
62 61 61
62 64 89
62 66 19
62 72 18
62 74 77
62 75 71
62 76 79
62 77 18
62 78 68
62 79 19
62 83 96
62 84 4
62 85 76
62 87 67
62 90 71
62 93 17
62 95 89
62 98 50
63 1 8
63 2 12
63 5 46
63 7 60
63 9 59
63 14 57
63 15 33
63 20 5
63 23 62
63 24 60
63 29 42
63 30 92
63 31 12
63 35 72
63 38 74
63 42 68
63 45 99
63 47 40
63 49 50
63 50 44
63 54 68
63 55 90
63 61 70
63 68 55
63 70 6
63 71 21
63 73 98
63 81 60
63 87 59
63 93 98
63 94 63
63 95 49
63 98 73
63 100 41
64 2 44
64 4 36
64 5 92
64 17 42
64 19 89
64 20 86
64 21 48
64 26 23
64 30 36
64 36 72
64 38 14
64 42 79
64 44 86
64 46 61
64 49 15
64 50 56
64 53 24
64 55 78
64 58 98
64 59 59
64 60 13
64 61 77
64 62 28
64 66 34
64 69 18
64 74 43
64 75 94
64 77 58
64 84 58
64 89 67
64 92 52
64 93 43
64 98 17
65 3 70
65 9 59
65 13 12
65 19 13
65 20 62
65 22 15
65 23 17
65 26 71
65 36 41
65 41 77
65 45 46
65 46 75
65 49 13
65 52 35
65 53 55
65 59 83
65 60 30
65 61 60
65 62 7
65 63 71
65 67 77
65 71 89
65 74 89
65 76 28
65 80 89
65 87 27
65 98 63
66 6 91
66 12 80
66 15 69
66 16 66
66 18 59
66 23 69
66 30 35
66 33 35
66 41 93
66 42 85
66 46 14
66 52 2
66 59 75
66 63 26
66 64 31
66 70 89
66 71 50
66 72 44
66 73 56
66 77 85
66 79 27
66 80 12
66 81 51
66 82 70
66 85 92
66 86 49
66 87 27
66 88 60
66 96 72
66 99 33
66 100 78
67 3 60
67 5 78
67 6 93
67 12 14
67 13 13
67 15 70
67 17 75
67 19 49
67 20 5
67 21 9
67 23 44
67 26 74
67 29 48
67 38 86
67 41 72
67 42 79
67 46 43
67 47 89
67 50 69
67 71 19
67 77 8
67 78 76
67 79 17
67 81 23
67 86 47
67 87 49
67 88 38
67 99 56
67 100 89
68 2 71
68 3 39
68 7 9
68 26 93
68 31 45
68 36 59
68 37 59
68 43 48
68 45 4
68 48 61
68 53 77
68 54 33
68 57 48
68 58 71
68 63 50
68 64 25
68 65 93
68 69 93
68 70 60
68 75 87
68 76 74
68 83 99
68 89 21
68 90 42
68 91 98
68 92 36
69 2 13
69 5 51
69 7 41
69 19 17
69 23 32
69 27 26
69 28 65
69 31 34
69 35 13
69 52 3
69 59 37
69 60 27
69 65 29
69 66 7
69 67 45
69 70 85
69 72 74
69 78 99
69 79 7
69 81 27
69 82 11
69 84 69
69 86 18
69 87 62
69 89 26
69 93 92
69 94 29
69 95 42
69 96 40
69 97 20
69 98 23
69 99 88
70 2 70
70 7 77
70 9 37
70 17 23
70 26 88
70 29 7
70 31 77
70 34 70
70 47 59
70 55 43
70 58 19
70 60 12
70 61 98
70 64 37
70 66 86
70 76 27
70 77 24
70 80 46
70 81 59
70 82 77
70 84 62
70 86 4
70 91 16
70 92 33
71 3 32
71 5 22
71 15 18
71 17 89
71 18 76
71 19 50
71 21 20
71 25 40
71 27 96
71 30 51
71 31 82
71 35 28
71 37 53
71 43 95
71 47 23
71 48 95
71 51 10
71 61 45
71 63 57
71 64 94
71 66 61
71 68 68
71 69 88
71 74 89
71 75 32
71 85 71
71 87 26
71 89 84
71 90 52
71 96 20
72 3 66
72 5 79
72 9 28
72 14 53
72 21 83
72 25 45
72 32 89
72 33 58
72 35 57
72 37 25
72 39 18
72 47 61
72 48 26
72 55 14
72 62 95
72 67 18
72 70 42
72 73 97
72 76 1
72 83 99
72 84 62
72 92 36
72 95 81
72 96 34
72 97 74
72 99 73
73 6 51
73 14 45
73 16 26
73 19 78
73 21 57
73 22 61
73 23 7
73 24 84
73 25 79
73 38 39
73 39 87
73 41 11
73 52 13
73 57 99
73 58 52
73 59 80
73 61 93
73 63 60
73 65 58
73 75 43
73 78 13
73 79 2
73 81 75
73 85 62
73 86 47
73 87 75
73 92 50
74 11 49
74 13 70
74 14 16
74 20 82
74 21 34
74 22 94
74 25 76
74 28 45
74 30 22
74 31 30
74 32 47
74 33 1
74 35 68
74 39 34
74 41 96
74 52 57
74 55 76
74 56 91
74 62 69
74 64 82
74 65 30
74 72 62
74 80 20
74 81 26
74 82 96
74 83 26
74 84 46
74 85 33
74 87 18
74 93 64
74 95 12
74 98 41
74 100 30
75 2 78
75 13 87
75 15 65
75 20 10
75 22 15
75 27 96
75 31 73
75 32 83
75 35 92
75 45 94
75 46 45
75 47 12
75 48 54
75 53 56
75 60 88
75 61 92
75 67 58
75 68 93
75 72 20
75 76 64
75 77 22
75 80 38
75 83 62
75 87 53
75 95 11
75 96 18
76 3 22
76 5 68
76 13 85
76 14 91
76 16 52
76 18 36
76 25 60
76 36 50
76 41 64
76 44 94
76 55 82
76 59 32
76 63 65
76 64 78
76 65 47
76 66 43
76 73 3
76 74 40
76 77 86
76 82 55
76 87 13
76 88 42
76 92 12
76 96 2
76 100 19
77 1 75
77 4 40
77 9 66
77 15 34
77 19 45
77 22 31
77 38 87
77 44 34
77 46 43
77 47 64
77 57 26
77 60 84
77 63 38
77 64 11
77 67 24
77 68 18
77 70 54
77 72 8
77 74 84
77 75 75
77 78 23
77 84 95
77 90 19
77 91 27
77 94 30
77 96 51
77 97 60
78 5 51
78 7 25
78 10 40
78 12 34
78 13 80
78 14 77
78 17 37
78 19 1
78 22 33
78 25 24
78 27 81
78 32 60
78 33 80
78 37 63
78 38 85
78 41 78
78 46 7
78 53 4
78 55 80
78 61 35
78 62 62
78 63 39
78 67 46
78 74 80
78 83 30
78 86 92
78 87 65
78 92 40
78 93 31
78 94 49
79 2 58
79 3 51
79 6 81
79 7 77
79 8 79
79 12 35
79 13 53
79 17 69
79 24 96
79 27 24
79 28 95
79 30 28
79 37 31
79 42 12
79 44 67
79 46 12
79 49 59
79 53 65
79 60 51
79 61 48
79 62 18
79 67 27
79 69 28
79 70 46
79 71 28
79 72 11
79 82 5
79 84 13
79 89 56
79 92 50
79 93 91
80 1 6
80 4 44
80 5 68
80 6 56
80 7 46
80 8 77
80 10 43
80 12 20
80 16 6
80 19 19
80 23 27
80 25 99
80 27 68
80 32 11
80 33 14
80 35 80
80 39 86
80 41 69
80 42 39
80 43 2
80 47 77
80 48 73
80 49 77
80 56 46
80 64 52
80 65 91
80 71 43
80 72 91
80 77 46
80 79 26
80 82 88
80 83 32
80 84 49
80 85 75
80 94 66
80 98 29
81 1 81
81 5 72
81 6 58
81 7 84
81 8 13
81 9 22
81 11 47
81 12 76
81 16 4
81 22 31
81 23 91
81 25 74
81 28 84
81 29 26
81 36 70
81 37 29
81 42 98
81 43 96
81 46 75
81 49 26
81 51 36
81 58 59
81 62 70
81 65 79
81 67 9
81 69 68
81 78 46
81 83 23
81 84 38
81 86 89
81 94 97
81 99 5
81 100 65
82 1 84
82 7 49
82 12 36
82 14 15
82 17 26
82 18 27
82 20 9
82 21 1
82 23 63
82 24 88
82 25 24
82 27 9
82 29 41
82 30 60
82 31 49
82 35 94
82 38 97
82 40 38
82 42 78
82 45 44
82 46 77
82 48 40
82 49 60
82 50 25
82 54 59
82 57 75
82 59 12
82 60 21
82 65 97
82 68 97
82 76 8
82 80 25
82 83 45
82 84 75
82 86 18
82 90 1
82 91 55
82 94 99
82 95 47
82 99 54
82 100 63
83 5 45
83 10 22
83 13 6
83 17 85
83 20 82
83 24 23
83 27 50
83 34 29
83 35 19
83 38 26
83 48 26
83 50 23
83 52 10
83 54 20
83 56 99
83 57 55
83 59 96
83 60 61
83 64 76
83 67 21
83 68 1
83 75 20
83 77 44
83 79 82
83 81 69
83 85 30
83 86 62
83 87 64
83 88 1
83 91 35
83 93 33
83 96 2
84 2 41
84 9 83
84 11 61
84 15 84
84 18 95
84 26 11
84 31 83
84 34 58
84 35 16
84 37 76
84 38 35
84 39 81
84 40 27
84 47 20
84 49 25
84 53 63
84 54 97
84 57 11
84 63 29
84 65 70
84 66 63
84 69 22
84 76 22
84 77 5
84 86 6
84 87 57
84 92 28
85 2 80
85 4 14
85 5 15
85 7 85
85 11 4
85 16 81
85 22 96
85 27 86
85 28 49
85 35 4
85 37 85
85 47 52
85 57 47
85 59 18
85 62 95
85 66 41
85 67 20
85 69 48
85 71 35
85 77 59
85 78 90
85 83 23
85 86 49
85 87 82
85 88 26
85 91 87
85 92 63
85 93 29
85 97 64
86 4 68
86 11 47
86 12 63
86 18 56
86 21 55
86 25 5
86 28 15
86 30 37
86 32 55
86 33 62
86 38 72
86 41 97
86 43 57
86 46 79
86 49 53
86 50 28
86 53 26
86 55 59
86 58 46
86 61 58
86 68 13
86 70 56
86 71 42
86 75 31
86 76 91
86 77 82
86 83 38
86 87 67
86 89 38
86 90 24
86 91 67
86 94 29
86 97 1
87 4 59
87 7 74
87 10 70
87 12 7
87 17 33
87 18 36
87 30 95
87 42 18
87 48 34
87 51 35
87 54 73
87 55 87
87 56 3
87 62 58
87 71 69
87 72 65
87 78 97
87 84 87
87 91 52
87 94 92
87 96 52
88 2 12
88 4 51
88 10 86
88 16 94
88 20 70
88 29 19
88 31 62
88 33 52
88 39 26
88 42 93
88 46 29
88 48 49
88 50 66
88 51 67
88 53 66
88 59 18
88 60 78
88 61 96
88 62 23
88 65 96
88 70 95
88 71 36
88 76 8
88 78 21
88 80 25
88 85 51
88 87 31
88 90 43
88 91 83
88 93 27
88 98 4
88 99 73
88 100 10
89 5 37
89 10 82
89 17 4
89 20 9
89 22 24
89 23 8
89 26 1
89 28 34
89 29 95
89 30 71
89 31 26
89 32 56
89 34 31
89 35 91
89 38 12
89 41 99
89 46 86
89 50 41
89 53 41
89 63 54
89 64 4
89 67 42
89 68 91
89 69 68
89 72 81
89 75 81
89 84 81
89 87 81
89 93 43
89 94 34
89 95 46
89 98 28
90 2 46
90 12 29
90 16 8
90 17 86
90 18 71
90 21 89
90 22 62
90 24 83
90 25 75
90 33 83
90 41 44
90 43 22
90 44 38
90 46 62
90 47 35
90 49 80
90 50 66
90 54 37
90 55 10
90 61 73
90 64 24
90 67 16
90 68 57
90 73 37
90 74 87
90 76 8
90 80 39
90 81 18
90 82 25
90 87 59
90 88 72
90 89 1
90 92 37
90 94 42
90 97 64
91 6 14
91 15 50
91 17 13
91 18 97
91 20 67
91 22 37
91 25 44
91 28 90
91 30 2
91 33 41
91 38 14
91 39 75
91 47 22
91 48 66
91 51 51
91 56 39
91 59 20
91 63 80
91 66 61
91 67 9
91 69 2
91 71 68
91 80 65
91 87 13
91 90 53
91 92 38
91 93 95
91 94 19
91 95 23
92 5 96
92 6 12
92 9 81
92 12 80
92 19 15
92 22 8
92 37 83
92 40 97
92 43 66
92 44 68
92 50 30
92 51 29
92 54 24
92 57 81
92 58 84
92 59 42
92 60 1
92 63 98
92 68 14
92 69 80
92 72 61
92 73 38
92 76 50
92 80 68
92 88 90
92 93 8
92 96 9
93 7 98
93 8 28
93 10 26
93 11 3
93 14 74
93 18 58
93 21 46
93 24 33
93 26 58
93 28 28
93 29 78
93 31 38
93 32 9
93 34 37
93 35 94
93 39 72
93 42 26
93 43 79
93 44 5
93 49 39
93 51 81
93 56 14
93 58 39
93 59 74
93 62 14
93 63 86
93 65 20
93 66 27
93 67 29
93 68 5
93 73 33
93 74 20
93 80 17
93 83 16
93 84 72
93 86 13
93 98 46
94 6 95
94 10 46
94 15 58
94 16 66
94 26 10
94 29 40
94 34 38
94 38 3
94 39 81
94 42 95
94 45 15
94 46 78
94 47 76
94 52 81
94 53 51
94 59 88
94 63 58
94 71 92
94 72 12
94 73 91
94 77 78
94 78 38
94 79 63
94 84 62
94 85 73
94 89 27
94 91 75
94 92 95
95 2 53
95 3 91
95 7 17
95 8 79
95 10 30
95 11 46
95 15 3
95 22 33
95 23 16
95 25 47
95 28 20
95 32 26
95 41 63
95 46 28
95 57 4
95 59 72
95 63 85
95 64 77
95 65 14
95 70 15
95 71 34
95 73 62
95 74 76
95 77 84
95 78 56
95 81 63
95 83 31
95 84 89
95 89 41
95 92 62
96 10 79
96 12 3
96 15 9
96 17 83
96 19 24
96 20 75
96 22 57
96 26 65
96 27 15
96 37 37
96 40 43
96 41 61
96 44 94
96 47 15
96 53 11
96 54 83
96 57 2
96 58 95
96 62 98
96 67 46
96 68 4
96 69 83
96 71 3
96 78 19
96 79 36
96 91 62
96 93 5
96 94 1
96 95 3
96 98 72
97 1 45
97 5 24
97 10 88
97 12 16
97 16 22
97 17 71
97 19 70
97 21 43
97 25 58
97 31 97
97 33 99
97 34 43
97 35 12
97 36 36
97 39 91
97 45 90
97 46 23
97 47 81
97 48 26
97 51 50
97 65 68
97 67 81
97 68 64
97 72 68
97 73 77
97 75 23
97 76 7
97 83 77
97 90 75
97 95 2
97 100 79
98 2 26
98 3 12
98 4 59
98 17 61
98 18 7
98 23 86
98 26 87
98 28 25
98 31 39
98 38 90
98 40 20
98 44 25
98 57 9
98 62 87
98 63 23
98 64 12
98 72 99
98 75 88
98 77 36
98 80 80
98 83 37
98 89 73
98 95 44
98 97 4
98 100 27
99 1 62
99 4 9
99 9 7
99 12 14
99 15 57
99 18 8
99 20 74
99 32 23
99 36 99
99 37 20
99 42 13
99 53 26
99 54 17
99 58 93
99 60 81
99 77 8
99 78 94
99 82 74
99 83 81
99 85 52
99 91 95
100 2 11
100 3 52
100 4 17
100 7 18
100 8 2
100 14 45
100 15 87
100 22 9
100 25 47
100 35 59
100 36 11
100 39 33
100 45 72
100 49 2
100 52 38
100 53 67
100 54 95
100 65 83
100 67 90
100 69 2
100 77 57
100 79 97
100 85 90
100 87 13
100 90 82
100 93 8
100 95 13
100 97 16